A       overall AUC=0.5248  n=17483
B       overall AUC=0.5260  n=17483
E       overall AUC=0.5031  n=17483
A+B     overall AUC=0.5347  n=17483
A+E     overall AUC=0.5286  n=17483
A+B+E   overall AUC=0.5340  n=17483

=== SUMMARY ===
config     n  n_weeks  auc_overall  auc_weekly_mean  auc_weekly_med  pct_weeks_auc_gt_05  rank_ic_weekly_mean  ic_tstat  auc_2024  auc_2025  auc_2026
     A 17483      106       0.5248           0.5327          0.5358               0.8113               0.0565    9.0390    0.5118    0.5274    0.5285
     B 17483      106       0.5260           0.5284          0.5272               0.7736               0.0490    7.2315    0.5300    0.5259    0.5237
     E 17483      106       0.5031           0.5001          0.5012               0.5189               0.0004    0.0472    0.5032    0.5034    0.4914
   A+B 17483      106       0.5347           0.5431          0.5400               0.8679               0.0745   10.2351    0.5301    0.5398    0.5294
   A+E 17483      106       0.5286           0.5326          0.5311               0.7453               0.0565    7.2602    0.5223    0.5307    0.5307
 A+B+E 17483      106       0.5340           0.5372          0.5380               0.8302               0.0645    8.4436    0.5323    0.5342    0.5349

full-history seasonality rows=21901  years 1970-2026
hour-of-day up-rate by year:
year  1970   2024   2025   2026  n_per_year
hour                                       
0      NaN  0.462  0.470  0.588      228.00
1      0.0  0.516  0.511  0.530      228.50
2      NaN  0.530  0.525  0.410      228.25
3      NaN  0.516  0.467  0.536      228.25
4      NaN  0.486  0.537  0.464      228.00
5      NaN  0.500  0.479  0.470      228.00
6      NaN  0.533  0.501  0.486      228.00
7      NaN  0.492  0.504  0.525      228.00
8      NaN  0.516  0.501  0.514      228.00
9      NaN  0.508  0.543  0.481      228.00
10     NaN  0.500  0.493  0.448      228.00
11     NaN  0.579  0.521  0.503      228.00
12     NaN  0.544  0.507  0.541      228.00
13     NaN  0.489  0.484  0.410      228.25
14     NaN  0.489  0.511  0.464      228.25
15     NaN  0.514  0.500  0.536      228.25
16     NaN  0.522  0.473  0.459      228.25
17     NaN  0.598  0.552  0.503      228.25
18     NaN  0.500  0.503  0.486      228.25
19     NaN  0.522  0.503  0.579      228.25
20     NaN  0.481  0.516  0.536      228.25
21     NaN  0.571  0.519  0.481      228.25
22     NaN  0.530  0.571  0.462      228.00
23     NaN  0.462  0.459  0.467      228.00
dow up-rate by year:
year  1970   2024   2025   2026
dow                            
0      NaN  0.510  0.506  0.506
1      NaN  0.494  0.494  0.463
2      NaN  0.506  0.522  0.510
3      0.0  0.526  0.487  0.484
4      NaN  0.528  0.521  0.498
5      NaN  0.530  0.514  0.511
6      NaN  0.511  0.498  0.492
