features: 3840 bars  2026-04-21 05:30:00+00:00 -> 2026-07-10 05:00:00+00:00
sequences: 1  total bars: 3840

BIC selection:
  n=4: BIC=    45337.7
  n=5: BIC=    45807.4
  n=6: BIC=    41675.0
  n=7: BIC=    41306.7
  n=8: BIC=    40835.2
  n=9: BIC=    40300.0
  n=10: BIC=    39763.5

selected 10 states (BIC=39763.5)

state centroids (unscaled) + occupancy + persistence:
   fut_ratio_30m  fut_cvd_6h  spot_ratio_30m  oi_chg_2h  liq_imb_2h  liq_tot_z_10d  occ%  avg_dwell_bars
0         0.4333     -0.0322          0.4080    -0.0066     -0.8768         0.1541   7.0             1.3
1         0.5018      0.0560          0.5178     0.0048      0.9794        -0.2568  11.0             2.8
2         0.5098      0.0370          0.5127     0.0024      0.8318        -0.2355  13.2             2.4
3         0.4485     -0.0684          0.4103    -0.0097     -0.9388         3.0034   3.4             1.9
4         0.5080     -0.0085          0.5063     0.0003     -0.0460         0.1900   6.7             2.5
5         0.5720      0.0706          0.5845     0.0114      0.9525         1.2281   5.1             1.5
6         0.4892     -0.0104          0.4853    -0.0014     -0.0042        -0.2515  14.6             3.6
7         0.5213     -0.0312          0.5100    -0.0038     -0.8988        -0.2485  14.9             2.4
8         0.5051      0.0542          0.5031    -0.0008     -0.0678        -0.2657  14.6             3.7
9         0.4988     -0.0629          0.4993     0.0008     -0.0113        -0.2507   9.6             4.7

occ first-half vs second-half:
              H1    H2
cg30_state            
0            6.0   7.9
1           12.9   9.2
2           14.3  12.1
3            3.0   3.8
4            5.3   8.1
5            5.9   4.2
6           11.9  17.2
7           15.4  14.5
8           15.9  13.2
9            9.3   9.9
DONE_S8
